1  ql_data     1.09968 0.0619659      qrl_data      1.20921 0.0578526         qqrl_data    1.80966 0.00919908
2  mql_2_data  1.81378 0.0269988      mqqrl_2_data  1.63215 0.0587511         mqrl_2_data  1.20829 0.0547409
3  mql_3_data  1.84462 0.016066       mqqrl_3_data  1.94876 0.128032          mqrl_3_data  1.45702 0.0266899
4  mql_4_data  1.92192 0.0620467      mqqrl_4_data  2.12906 0.107793          mqrl_4_data  1.59571 0.0192135
5  mql_5_data  1.98047 0.0253853      mqqrl_5_data  2.24891 0.129244          mqrl_5_data  1.73348 0.0304417
6  mql_6_data  2.05123 0.0289022      mqqrl_6_data  2.33401 0.0820504         mqrl_6_data  1.84672 0.0774324
7  mql_7_data  2.13728 0.00795871     mqqrl_7_data  2.38854 0.819423          mqrl_7_data  1.91859 0.156177
8  mql_8_data  2.22909 0.204485       mqqrl_8_data  3.15669 0.321056          mqrl_8_data  1.99967 0.219994
9  mql_9_data  2.28424 0.178322       mqqrl_9_data  3.61943 1.20296           mqrl_9_data  2.06334 0.0488947
10 mql_10_data 2.33657 0.0784849      mqqrl_10_data 12.5727 0.535951          mqrl_10_data 2.13357 0.0386695        
